   1.0000000e+00   1.5905722e-01   1.2644030e+00   4.7284393e-01   5.6635684e-01   1.2680376e-01   6.4717600e-01   2.0242406e-01   2.3182564e-01   1.1139070e+00  -2.4719201e-01
   2.0000000e+00  -1.1646707e+00   9.6884723e-01   1.6484957e+00  -6.5491070e-01   2.1091007e+00   3.7019468e-01   3.8006296e-01   4.8144970e-01  -1.2977645e+00   2.2174458e-01
   2.0000000e+00  -4.4092072e-01   1.6076718e+00  -2.4925601e-01   3.4481117e-01  -7.7440514e-01  -5.2329699e-01  -1.6691226e+00   7.1732636e-02  -5.7532125e-01   1.3142038e+00
   2.0000000e+00  -6.2227588e-02  -1.0112534e+00  -6.7552966e-01   2.8826630e+00   7.3939080e-01  -2.9386955e-01  -4.0880084e-01  -1.6105916e+00   1.3648942e+00  -2.0462442e+00
   2.0000000e+00   6.5310890e-01  -8.6363242e-01   1.5189322e+00  -2.0755720e+00  -2.1419479e-01  -1.4962121e-01   1.0583690e+00   6.6378534e-01  -7.8538634e-01   9.8887881e-01
   2.0000000e+00   7.1647283e-01  -1.5111938e+00   1.7565714e+00  -1.8360699e-01  -1.4305325e-01   1.4192254e+00   1.8330530e+00   9.7722764e-01   1.0215187e+00  -4.5718198e-01
   1.0000000e+00  -4.7651438e-01   1.8465096e+00   2.4179267e-01  -1.0671941e+00   1.7839413e-01   1.1522986e-01   1.8895873e-01   7.4391994e-01  -2.5044527e-01  -3.1624855e-01
   2.0000000e+00  -1.4731769e+00   1.3283204e-01   3.5001431e-01  -7.7701984e-01  -1.2719186e+00  -1.8514819e+00  -5.2906542e-01  -9.5367599e-03   2.1559537e-01   4.7491095e-01
   1.0000000e+00  -4.3346656e-01  -1.5230669e+00   8.3260875e-01   2.9624488e-01   2.4789737e-01   8.0083622e-02  -1.4220295e+00   6.4017191e-01  -5.6421113e-01  -4.1595386e-01
   2.0000000e+00  -1.0352705e+00  -1.5559481e+00  -3.8735700e-01   1.2653171e+00  -2.7026546e-01   1.1785219e-01   1.4519522e+00   1.0955727e+00  -1.4906362e-01   5.4833653e-01
   1.0000000e+00  -5.0500967e-01  -1.0110231e+00  -6.3579772e-01  -9.5189019e-01  -5.1371038e-01  -8.8314435e-01   3.7707714e-02   5.1430778e-01  -8.4550674e-01  -1.8874740e-01
   2.0000000e+00   4.2175911e-01  -1.4610805e+00  -1.2801709e+00  -1.7003100e-01   9.6914863e-02  -2.0309358e+00  -3.2066539e-01  -1.7685566e+00  -8.4338370e-02  -1.0524790e+00
   2.0000000e+00  -9.2726958e-01   1.4535561e+00  -1.1796452e+00  -6.7554744e-01   2.4119989e+00  -4.9680641e-01  -8.4290428e-01   7.5456926e-02  -4.1028649e-01   4.5093737e-01
   2.0000000e+00   2.2702646e-01  -2.2497477e+00  -8.5493263e-01  -1.0412070e-01  -1.0619682e-01   1.4692855e+00   1.1818301e+00   1.9117068e+00   9.1982991e-01   1.1622385e+00
   2.0000000e+00  -1.0360249e+00  -1.3538892e+00  -1.7051856e+00  -3.7388807e-01  -7.1083750e-01   1.0166665e+00   2.1952534e-01  -9.8886762e-01  -1.7563236e+00  -2.4241084e-01
   2.0000000e+00   5.1517010e-01   1.8151564e+00  -3.0349240e-01  -4.9158269e-01   2.8030735e-01  -7.4625471e-02   1.1142128e+00   1.9224106e-01   2.2592213e-01  -1.0857707e+00
   2.0000000e+00  -1.4448827e+00   1.9897912e+00   9.7293701e-01  -8.2590498e-01  -8.4205854e-01  -1.6858312e-01   2.0044500e-01  -8.0266767e-01  -4.9783497e-01  -4.5085251e-01
   2.0000000e+00  -4.2563379e-01  -1.6383634e+00  -1.2705308e+00  -6.3294179e-01   6.4460239e-01  -1.1721254e+00   1.2406675e+00  -1.9725988e-01   9.6741180e-01  -8.5563488e-01
   2.0000000e+00  -2.4297945e+00   5.2388362e-01   5.8444106e-01   3.1308052e-01   4.7706322e-01   3.7577540e-01   1.1359646e+00  -3.5951206e-01   7.6510259e-01   2.9529811e-01
   2.0000000e+00   1.8803574e-01   7.1275848e-01  -1.8035041e-01  -8.3385771e-01   1.0181605e+00   9.0991793e-01   1.1442576e-01   1.2674029e+00  -8.6118941e-01  -8.1426372e-01
   2.0000000e+00   8.1619672e-01   2.8307955e-01  -1.4679268e+00  -9.0296346e-01  -1.3878555e-01   2.4455848e+00  -8.6612319e-01  -1.0172935e+00  -1.4234696e+00  -3.1976642e-01
   2.0000000e+00  -2.2104652e-01  -2.0380156e+00   2.9173225e-01   7.4178744e-01   4.0271291e-01  -9.7186649e-03  -1.4930287e+00  -9.1388543e-01   3.9169734e-01   1.0491691e+00
   2.0000000e+00   1.0260243e+00  -1.4587189e+00   6.3068036e-01  -9.0878298e-01  -1.6995194e-01  -5.2729862e-01  -7.4169416e-01  -9.1967880e-01  -9.8705608e-01  -1.1109408e+00
   1.0000000e+00   3.7688766e-02   3.7252819e-01  -6.9611563e-01   8.2331716e-01  -1.3852145e+00  -2.2541599e-02  -6.1642490e-01   2.4058356e-01  -1.3069598e-01   2.4635414e-01
   2.0000000e+00  -7.6001804e-01  -1.6165900e+00  -1.0132343e+00   1.4047148e+00   2.4634673e-01  -1.2650141e+00  -6.6158352e-01  -1.4259232e-02  -1.1334349e+00  -1.1503588e+00
   1.0000000e+00   4.0369357e-01   4.3639685e-01  -1.3443277e-01   9.8489334e-01  -2.5739417e-01  -2.7215341e-01  -9.0835958e-01   7.9670808e-02  -7.4940034e-01  -3.5260127e-01
   2.0000000e+00  -5.7794281e-01   3.9151875e-02   1.9769929e+00  -4.9630713e-02   1.7545125e-01   4.3577031e-02  -1.8321367e+00  -2.1731416e-01  -8.2997405e-01   6.5843219e-01
   2.0000000e+00  -1.4508822e-01   1.0827901e+00   1.1711190e+00  -2.2397279e-01   1.2199911e+00  -7.9981563e-01   5.9720299e-01  -1.8673115e-01   4.6973856e-01   2.6900265e-01
   2.0000000e+00  -1.9034695e-01  -8.9445022e-01   5.4697419e-01  -1.2687186e+00  -1.7416089e-01  -1.1156992e+00   8.7005195e-01   4.7994327e-01  -4.1696292e-01  -1.8230658e+00
   1.0000000e+00  -6.6922885e-01  -3.9720885e-01   3.1062892e-01   2.7857485e+00  -6.0942660e-02  -1.0873974e+00  -8.5268090e-01   2.0460360e-01   4.9201576e-01  -5.6419304e-01
   2.0000000e+00  -1.8136014e+00  -2.9036038e-01  -9.5780270e-01   1.2295757e+00   7.6445523e-01   1.3106270e+00  -1.0222463e+00  -1.0357303e-01  -5.5429721e-01   4.2668196e-01
   2.0000000e+00  -7.1554557e-01  -9.5663554e-01  -7.2026188e-01   8.9282753e-02   1.5433947e-01   1.9691759e-01   3.8133901e-01   4.4737303e-02  -1.3875261e-01   1.0908093e+00
   2.0000000e+00  -7.2681336e-01  -1.5735860e-01   2.1313950e-01  -2.8087361e-01  -9.0689920e-02   3.5150620e-01  -1.8639012e-01  -2.0453392e-01   1.1240338e+00   1.1478458e+00
   2.0000000e+00  -6.3659357e-01  -3.4611102e-01   5.6486032e-01  -1.7804892e-01  -5.4456144e-01   2.5655910e+00   1.5261596e+00  -6.1159649e-01  -5.9166429e-01  -8.1049443e-01
   2.0000000e+00  -6.7272749e-01  -3.3542707e-01   1.1973248e+00  -5.5287621e-01   1.0947299e-01  -1.2277110e+00  -1.0566117e+00  -7.0677762e-02  -5.4925733e-01  -4.9631238e-01
   2.0000000e+00  -1.3650766e+00  -5.2156853e-01   5.3935675e-01  -2.2230587e-01  -4.9114945e-01   1.0264723e+00   1.0471512e+00   1.5913598e+00  -1.3642092e+00   1.1492492e+00
   2.0000000e+00   2.4262570e-02   3.0735736e-01  -1.3841935e+00   8.7761945e-02  -1.3007030e+00   2.5367446e-01  -1.4899769e+00  -7.2045513e-01  -1.1026917e+00  -2.2885630e-01
   2.0000000e+00   1.4841991e-02   1.1435005e+00  -1.7191414e+00  -2.4433063e-01   9.6357419e-01  -6.4756209e-01  -2.9097512e-01  -7.3048867e-01  -1.6393821e+00   9.0222511e-01
   2.0000000e+00   4.5859470e-01   1.6952893e+00  -1.4328518e+00   1.9244698e+00  -9.1410301e-01  -1.0334876e+00  -1.3400810e-01   2.0990521e+00   6.9575186e-02  -1.1071437e+00
   2.0000000e+00   1.3964099e+00   7.2098706e-01   5.2463976e-02   5.5443468e-01  -1.8233891e-01   7.2834852e-01  -3.6509543e-01  -2.0744701e-01   1.1997850e+00   1.7527665e+00
   2.0000000e+00   8.5555311e-01  -6.9479626e-01  -7.7532054e-01   4.8321856e-01   2.0462592e+00   4.9132024e-01  -2.6213806e-01  -1.3983056e+00  -2.8622840e-01  -1.6890103e+00
   2.0000000e+00  -7.2765216e-01  -6.0064199e-01  -3.3565038e-01   1.6871719e+00   6.5220082e-01   8.9708001e-01   6.4189016e-01   6.2149628e-01  -1.1794726e+00   1.0576734e+00
   2.0000000e+00  -8.7869280e-01  -4.1980462e-01  -3.9804631e-01  -2.2996872e+00  -1.1540132e+00  -6.4304718e-02  -5.7022461e-01  -1.1632452e+00  -1.8945935e-01   2.3006064e-01
   2.0000000e+00  -6.0797707e-02   3.3031327e-01   1.0730103e+00   3.0949118e-01   1.1225118e+00  -3.7732190e-01   2.0304375e+00   1.1312314e+00  -1.5478571e+00   7.0933937e-01
   2.0000000e+00  -8.5402011e-01   1.5769548e-01  -3.1572511e-02  -5.2495188e-01  -3.0118109e-02   4.2929775e-01  -4.1708294e-01  -2.0000979e+00   1.1141488e+00   6.4371907e-01
   2.0000000e+00  -4.1096715e-01   6.8459204e-01   1.1641093e+00   1.7598413e+00  -5.2498870e-01  -7.4491394e-01  -5.6815819e-01  -1.1399678e-01   1.0975329e+00  -3.2050134e-01
   2.0000000e+00  -1.3137742e+00  -2.2713941e-01  -7.4106846e-01   4.3456944e-01  -6.8735767e-01  -5.7536086e-01   1.1023574e-01  -7.8780170e-02  -3.4403542e-01  -1.3306183e+00
   1.0000000e+00   1.0425011e+00   2.3901587e+00  -1.5766852e+00   1.4690530e-01  -1.2786051e+00  -2.8992049e-01   1.1420751e+00   4.6903168e-01  -6.8742409e-01   8.5082477e-01
   2.0000000e+00   9.9558218e-01  -1.4970880e+00  -1.0768022e-02  -1.1152086e+00   2.3037762e+00  -3.8979246e-02   9.9245893e-01  -1.0931844e+00   1.0192494e+00   1.4935595e+00
   1.0000000e+00   2.5805387e-01   3.2384802e-01  -1.7709889e-01  -1.8267473e+00  -8.2365110e-01  -7.9824990e-01   7.5770200e-01   8.3511205e-01   6.1272516e-02   1.0281963e-01
   2.0000000e+00   5.7510252e-01   1.8744274e+00  -7.5665351e-01   5.3542685e-01  -2.4451838e+00   2.0788853e-01  -1.5310432e+00  -4.4396931e-01   5.4890717e-01   1.8975986e+00
   2.0000000e+00  -7.2515468e-01  -1.1515316e+00  -1.0789534e-01   2.3944653e-01   3.2318698e-01   7.9975361e-01  -4.7068296e-01   9.2640317e-01  -2.9563249e-01   6.0617378e-01
   2.0000000e+00  -4.0634583e-01   2.5039032e-01  -1.1510708e-01  -1.3823203e+00  -1.8514441e+00  -8.6442131e-01   1.3069844e+00  -1.2879293e+00  -5.8285489e-01  -4.8235017e-01
   1.0000000e+00  -1.0320784e+00  -4.8630167e-03  -1.0795651e+00  -8.0322689e-01   1.3830515e+00  -1.0249155e+00  -5.8359341e-01   7.2200969e-01  -8.0014153e-01  -1.8022331e-01
   2.0000000e+00  -4.1948432e-02   6.8083496e-01  -1.6583730e+00  -6.7156756e-01  -1.1315811e+00   1.3762751e+00   1.3582841e-01  -8.8472605e-01   4.5989549e-01   4.3172166e-01
   2.0000000e+00  -4.2968040e-01  -3.3243460e-01  -3.8312651e-01  -2.7339897e-01   8.2230754e-02   2.7406428e-01   5.5621124e-01   1.0274576e+00   2.2889720e+00   9.2139468e-01
   2.0000000e+00  -6.3794209e-01  -1.4068873e+00  -1.4471042e-03   3.8021205e-01   4.9993772e-01  -1.4116120e+00  -1.1201028e+00  -7.5578546e-02   1.9450520e-01  -5.6568421e-01
   2.0000000e+00   6.1060652e-01  -1.4662907e+00  -3.1520910e-02  -7.2729619e-01  -1.1895488e+00   1.2298759e+00   1.4626634e+00  -1.4939568e+00  -1.8426437e+00   5.6467408e-01
   2.0000000e+00  -2.9119279e-01  -2.3096125e-01   3.2574706e-01   1.0890977e+00  -1.5146809e+00   7.2917298e-01   5.7743482e-01   7.7474064e-01  -2.1743744e-01   1.2813595e+00
   1.0000000e+00  -1.0344594e+00   3.5260228e-01   1.1687338e-01  -1.4778564e+00  -7.2640048e-01   3.1558486e-02  -4.0050499e-01   2.6630227e-01   7.8497903e-01  -2.1250637e-01
   2.0000000e+00   3.3624904e-01  -1.4753755e+00   7.4643764e-01  -7.0122678e-01  -7.1305156e-01   1.5045589e-01   1.2968559e-01  -1.3477449e+00  -1.2509286e+00  -1.0152767e+00
   2.0000000e+00   3.4586697e-01  -1.9133966e+00  -7.6518542e-01   3.1616935e-01   5.9197874e-01  -1.5996172e+00   9.8916629e-01  -1.6524052e-01  -8.2841529e-02   6.2106614e-01
   2.0000000e+00  -3.2515248e-01  -4.3517246e-01   5.5626898e-01   6.7291988e-01  -9.8174133e-01  -7.2135532e-01  -4.7733776e-01   6.8005119e-01  -2.4653199e-01  -1.9953553e+00
   2.0000000e+00   9.3520443e-01  -6.6723967e-01   6.0599317e-01   4.6819494e-01   1.5624243e+00   9.1699182e-01   6.6650361e-01   1.1307902e+00   1.0166073e+00  -4.5735529e-01
   2.0000000e+00   4.6463405e-01   1.2521809e+00  -2.2649286e-03   7.5089859e-01   3.3589050e-01   2.3604390e-01   3.8711867e-01   1.4330878e+00   1.0422401e+00  -3.1690484e-02
   2.0000000e+00   9.7522015e-01  -1.6235529e-01   9.8945219e-01  -1.1221184e+00   4.1644372e-01   6.3999483e-01   1.5095002e-01  -5.8165495e-01  -6.9429305e-01  -2.1281615e-02
   2.0000000e+00   6.1362051e-01   7.2623538e-01  -5.5950664e-01  -4.6042759e-01   1.0061229e+00  -3.8713868e-01  -1.2770154e+00   2.1339016e+00   1.4861406e+00   9.0032264e-01
   2.0000000e+00  -3.0485931e-02  -1.2548773e-01  -2.3345636e-01   5.6009780e-02   7.3846550e-01  -2.0298813e-01   1.6564377e+00  -1.3904931e+00  -1.2505294e+00  -1.8891702e+00
   2.0000000e+00   9.7000316e-01   4.7980155e-01   1.0073316e+00  -4.3378412e-01  -1.1559504e-01  -7.3875897e-01   7.0879843e-01  -7.8678352e-01   8.7771035e-01   2.3909100e-01
   2.0000000e+00  -5.2623334e-01   4.9532309e-01   3.9713430e-01  -4.2384061e-01  -4.8044890e-01  -7.4770937e-01  -1.4735581e+00   9.8822021e-01  -1.2438594e+00  -4.4361172e-01
   2.0000000e+00  -6.2186366e-01   1.6251148e+00   2.7088723e-01  -9.6882693e-01  -1.0673721e+00  -8.8247183e-01   8.9369286e-01  -1.3437501e+00   1.6410912e-01   1.6017397e-01
   2.0000000e+00   8.4401127e-01   9.2220745e-01  -8.5516118e-01  -4.1069354e-01   4.3454873e-01   2.9750642e-01  -1.5529659e+00  -7.3592997e-01  -2.0048005e+00  -2.0161072e-01
   2.0000000e+00  -3.1365188e-01  -2.2999635e-02   7.5326977e-02   9.1530992e-01  -4.6720719e-01   8.4246565e-01  -3.3898554e-02  -1.1428362e-01  -1.2053602e+00  -7.3336752e-01
   2.0000000e+00  -3.7691461e-01  -1.3937191e+00  -7.6573847e-01   1.3914049e+00   1.2066238e+00   1.0264387e+00   4.8188793e-01   6.4838578e-01  -7.5484654e-02   8.8925602e-01
   2.0000000e+00   1.2598999e+00   5.4626400e-01  -4.5554333e-02   8.7926949e-01  -3.6523665e-01   4.0774722e-01  -1.3053724e+00   8.3858872e-01   2.0954633e+00  -1.0015295e+00
   2.0000000e+00   9.0406537e-02   9.5963870e-01  -2.6415870e-01  -9.9385860e-01   5.7854230e-01  -1.8481207e+00   1.0381314e+00   1.0811132e+00  -1.5331424e-01   1.6588593e+00
   2.0000000e+00  -2.6941440e-01   4.8152779e-01   4.2300647e-01   7.7750745e-01  -2.5690164e-01   4.4446815e-01  -1.6228487e+00  -4.6398516e-01   2.0625427e-01  -1.3006925e+00
   1.0000000e+00  -1.5129940e-01   2.5088435e-01   1.3891497e-01   3.5743407e+00   1.8331539e+00   2.0157391e+00   2.1552178e+00   4.8574324e-02  -5.0704600e-01   4.4571439e-01
   2.0000000e+00   1.4061422e+00   3.7179724e-01   9.5526595e-01  -1.4694426e+00  -3.3673123e-01   6.3585253e-01   1.4311710e+00  -2.2621138e-01   1.0742964e+00   4.9699933e-01
   2.0000000e+00  -2.2377750e+00  -4.9182046e-01  -8.5108834e-01  -1.4354823e+00   6.4956672e-01   1.2765411e+00  -3.1775166e-01   9.9016848e-01   8.5551360e-02   2.1690706e-01
   2.0000000e+00   2.8499646e-01   8.7365271e-01   1.9549628e-02  -1.4544740e-01  -3.5163558e-01  -3.3113276e-02   1.5316646e-01   1.5205716e+00  -4.2297583e-01   3.1726220e-01
   2.0000000e+00   2.9153947e-01  -1.1722541e+00  -1.0134761e+00   1.6212758e+00   1.8144682e+00  -5.0923761e-01  -1.0611598e+00   1.1861400e+00   1.4574373e+00  -4.3486623e-02
   2.0000000e+00  -4.4454276e-01   1.0102808e+00   2.0852183e-01  -8.2712256e-01   1.2359950e+00   5.0753850e-02  -9.1908267e-01   1.5146787e+00   2.4992366e+00  -1.1945489e+00
   2.0000000e+00  -1.4306037e+00   1.9735868e-01  -2.6193725e-02  -1.5857424e+00  -1.9242462e+00  -2.9665341e-01  -1.8637635e-01   1.1459158e+00   5.6651186e-01   9.7605981e-01
   2.0000000e+00   1.4992540e+00  -8.8799352e-01   1.3014907e+00  -1.4953694e+00   1.4292031e+00  -4.4256252e-01   1.3729747e+00  -9.8915390e-01   8.1877908e-02   5.0056634e-01
   2.0000000e+00  -1.0447283e+00  -8.8460316e-01  -1.1890785e+00   4.7819681e-01  -7.9301560e-01   5.9799703e-01  -2.4362471e+00  -1.9094515e-01   4.0518136e-02   1.0906624e+00
   2.0000000e+00   3.4406887e-01   4.9921399e-01   7.3078771e-01   1.8331814e+00   6.8298638e-01   1.1643824e+00   1.9552163e-01  -1.5311259e+00   1.4859529e+00  -4.7650967e-02
   2.0000000e+00  -4.2637771e-01   2.0024274e+00  -1.1025990e+00   8.3330992e-02   5.5551998e-02  -1.2399716e-01  -4.8640978e-01   1.1372840e+00   2.2378708e-01   3.6960196e-01
   2.0000000e+00  -9.0938002e-01  -2.1815313e-01  -8.6672743e-01   1.7251961e+00  -1.0604895e+00  -1.6849342e+00   1.4332828e+00   1.6637100e+00   4.6627389e-01   1.0626597e+00
   2.0000000e+00  -1.5032195e+00  -1.2799014e+00  -1.1598304e+00   1.3200354e+00  -9.9278416e-01   1.2899567e+00  -3.5386356e-01  -8.9668799e-01  -1.4635376e-02   3.1816298e-01
   2.0000000e+00   5.0493806e-01  -1.1446850e+00   1.3548023e+00   8.9034871e-01   3.8375565e-02  -2.3065172e+00   8.7716691e-02  -1.0412879e+00   1.7249560e-01   3.1668024e-01
   2.0000000e+00   1.4868496e-01   1.9912050e-01  -1.1487332e+00   1.9124429e-01  -4.3347671e-02   9.4463151e-01   1.0593680e+00  -5.0407247e-01   1.7239892e-02  -5.0184590e-01
   1.0000000e+00  -1.0848647e+00   1.4740063e-01   1.3342566e-01   4.0108562e-01   1.7096895e+00   9.1675729e-02   7.4101734e-02   6.7668210e-01  -1.0763328e+00  -3.2771514e-01
   2.0000000e+00   4.7314830e-01   1.7772450e+00   2.6114644e-01  -1.9969805e-01   5.0071366e-01   8.6925882e-01   1.7147417e+00   1.3051976e+00  -1.2214250e+00  -1.1052756e+00
   1.0000000e+00  -2.3004811e-01  -1.5868526e+00   1.0048043e+00  -1.2213281e+00  -1.1247843e+00   8.6701474e-03  -1.6167334e-01   3.7982308e-01  -1.2161016e+00  -6.7685807e-01
   2.0000000e+00   9.3184593e-01   2.4478005e-01  -2.9828499e-01   8.3949824e-01   3.1817679e-01   7.3185184e-01   7.0238018e-01  -3.0156818e-01   6.8178194e-01  -1.5953091e+00
   2.0000000e+00   2.4288505e+00   1.5544644e+00  -9.8690342e-01   7.5822305e-01  -7.2114118e-01  -3.1839881e-01   6.2110006e-01  -3.8660053e-01   2.3315308e-01   8.6367396e-01
   2.0000000e+00  -8.2897058e-01  -2.6840112e+00   1.0759034e+00   4.7211076e-01  -2.2186395e-02  -1.3609808e+00  -3.0314709e-01  -7.9690878e-01  -8.8097805e-01   6.2027362e-01
   2.0000000e+00  -2.6567317e-01   3.2475298e-01   7.0999464e-01  -1.0681380e-01  -2.0035413e+00  -7.9737031e-01   8.6813107e-01  -1.3329399e+00   3.5846477e-01   8.8432869e-02
   2.0000000e+00  -1.3022832e+00   6.1220914e-01  -3.4551089e-02  -8.6809014e-01  -1.2334775e+00   3.1534013e-01   6.3262900e-01  -1.5135780e+00   1.1297941e+00  -1.5388390e-01
   2.0000000e+00   1.5702920e-01   1.2808913e-01  -7.7325128e-01  -7.0084257e-02  -5.3148492e-01  -6.2997772e-01   1.4561461e+00   3.8785984e-01  -6.6921698e-01   1.7263277e+00
   2.0000000e+00   2.5877168e-01   6.7035422e-01   5.2115068e-01   1.5598853e+00  -6.8593242e-01   1.4443978e+00  -7.1941558e-01   9.3057869e-01  -5.6228038e-01   7.1504283e-01
   2.0000000e+00  -3.8272185e-01  -3.8129048e-01  -8.8010138e-01   6.2177348e-01  -2.9524756e-01  -4.3803545e-02   1.2878348e+00  -2.2079089e-01   1.3493849e-01   3.8691869e-01
   2.0000000e+00   7.1110734e-01  -8.7264918e-01  -1.9260335e+00  -1.7371130e+00  -8.3904985e-01   8.2764789e-01  -8.3703548e-01  -7.3543509e-01   1.7293270e+00   1.2341456e+00
   2.0000000e+00   5.5906204e-01   2.4552472e+00   4.9424682e-01   6.9029734e-01  -6.9167753e-01   1.1454976e+00   3.6853947e-01  -7.8842817e-01   8.0931091e-01   1.4392999e+00
   1.0000000e+00  -1.4465588e+00   6.6236437e-01   1.1638077e-01   6.1833725e-01  -9.0794724e-01   5.2828309e-01   4.9859179e-01   8.1220590e-01  -5.1415789e-01  -5.3004195e-01
   2.0000000e+00  -1.5845931e-01   3.9172015e-01   6.5865334e-02   1.4959749e+00   7.2400910e-01   7.3175268e-02   7.6656860e-01   9.2495898e-01  -7.1389080e-01   1.9775138e+00
   2.0000000e+00   2.6925894e-01   7.9685695e-01  -1.0261617e-01  -7.0548474e-01   1.7456396e+00  -6.6231073e-02   8.9082540e-01  -2.8747310e-01   1.8569548e-01   4.5242225e-01
   2.0000000e+00  -7.5501374e-01   4.3868331e-01   9.1716171e-01  -5.3663196e-02   6.6223188e-01  -2.4299383e-01   1.0680265e+00  -9.7149120e-02  -8.9888795e-01   5.0585407e-01
   2.0000000e+00  -4.6955575e-01  -7.2570788e-01  -9.7334107e-01   2.0496930e+00   2.1210390e-02  -9.0460077e-01  -6.2579671e-01   2.0461875e+00  -5.4756640e-01  -9.9007781e-01
   2.0000000e+00   1.5559696e+00  -2.5998501e-01   8.5051713e-01   3.1414882e-01   8.5663780e-01  -4.2770857e-01   3.6489510e-01  -1.7943263e-01  -1.9073442e-01  -3.3014124e-01
   2.0000000e+00  -8.4525649e-01   3.8163563e-02   3.4289996e-01  -6.4196352e-01  -4.8081971e-01   1.5708212e+00   7.9296696e-01  -6.0743800e-01  -6.5425953e-01  -5.9020556e-01
   2.0000000e+00  -1.3368771e-01   1.1833692e+00   2.1641237e-01   8.4450864e-01  -7.8987324e-01   1.7283816e+00   2.1834367e+00  -7.9263603e-02  -1.4321631e+00  -2.4118255e+00
   2.0000000e+00  -5.7410154e-01   1.9700426e-01  -8.8174697e-01   1.0333690e-01  -7.3001365e-01   4.1386572e-01   9.3178934e-01  -1.3350075e+00   1.9522442e+00  -6.0174589e-01
   1.0000000e+00   2.8372257e-01  -6.9345345e-02   1.2900526e-01  -1.2455281e+00   1.2870688e+00  -5.2687441e-01   2.1106165e-01   2.0016337e-01   8.9292870e-01  -6.8954991e-01
   1.0000000e+00  -4.5357700e-01  -1.3673204e-01   7.8183204e-01   1.3887204e-01  -1.4819710e+00   1.7364015e+00   1.0283425e+00   7.2539778e-01   7.7050722e-01  -4.6324272e-01
   2.0000000e+00  -3.4498370e-01  -2.1548399e-01   1.7003142e-01   3.6190074e-01   3.8431562e-01  -7.2277497e-01  -7.5295056e-01  -2.0185127e-01   9.3542824e-01  -1.0613236e+00
   2.0000000e+00  -7.2641033e-01   1.5707837e-01   1.0333349e+00  -1.3613592e+00  -6.1757613e-01  -5.2425637e-01   1.7769576e+00   7.8698671e-01   5.4244169e-01  -2.8250744e+00
   2.0000000e+00   7.7723199e-01   5.8804375e-01  -1.4386469e+00   7.8631942e-01  -1.9813269e-01   1.3397177e-01  -1.6064265e+00  -7.0762975e-02   7.5342746e-01   8.3568523e-01
   2.0000000e+00  -6.9941265e-02   2.8807119e-01   1.1115080e+00   1.8628757e+00   7.6029355e-01   3.0672358e-02   1.5187632e+00  -8.2898415e-01  -1.7061085e+00   2.6014430e-02
   1.0000000e+00   8.7689666e-01  -2.9619323e-01  -1.1818185e+00  -1.8907396e+00   1.9072635e-01  -2.8428965e-01   2.1606527e+00   3.6272874e-01  -4.3023266e-01   3.3570173e-01
   2.0000000e+00   6.2666429e-01   2.8016638e-01  -2.7791583e-01  -5.1941939e-01   4.7822995e-01  -1.2080382e+00   3.0379013e-01   9.7850447e-01  -5.7932190e-01   4.5637322e-01
   2.0000000e+00   3.8735776e-01   2.3251688e-01   1.0736788e+00  -2.7879785e-01   2.2391488e+00  -6.9448191e-02  -2.5751804e+00  -1.6962702e+00   9.7794152e-02  -3.4559983e-01
   1.0000000e+00  -1.5930244e+00  -5.3233795e-01   1.8035611e+00  -8.6464756e-01  -3.8513488e-01   1.3848434e+00   5.5102580e-02   7.8699691e-01   1.1591223e-01  -1.1215412e-01
   2.0000000e+00   1.4747011e+00  -2.0811611e-01  -1.7068413e-01  -8.1683162e-01  -1.6874891e+00  -1.2695577e+00   9.7795386e-01  -1.2815765e+00  -2.5378410e-02  -8.8271902e-01
   1.0000000e+00   7.6156260e-01  -5.6586162e-01   1.6335265e+00   1.2676318e+00  -2.2459152e-01  -2.7780602e-01   1.3264756e+00   8.2814753e-02   1.1604834e-01   6.0334943e-01
   2.0000000e+00   4.5801678e-01   4.9445061e-01  -1.8279101e+00   2.2939248e+00   5.6293074e-03  -7.0919144e-01  -2.0967665e-01  -8.0443359e-01   1.0079518e+00  -2.5870546e+00
   1.0000000e+00  -2.1059230e-01   1.0387369e+00   9.7555259e-01   7.8153194e-01   1.5753136e+00   1.8642190e+00   1.5551380e+00   1.0195660e-01   9.3936939e-01   6.6366394e-01
   1.0000000e+00   4.3889625e-01  -2.8736696e-01   2.4981768e-01   1.7248233e-01   2.0042556e-01   1.2744488e-01   6.2332780e-01   8.0010068e-01  -2.7379389e-01   3.2697662e-01
   2.0000000e+00   1.2628517e+00  -5.4819972e-01   9.4735173e-01  -8.5371416e-01   1.2930625e-02   1.1956774e+00   3.4036187e-01  -3.0249449e-01  -1.4582362e+00   1.4537878e+00
   2.0000000e+00   8.1237339e-01   5.0095875e-01   8.0610915e-01  -8.9977649e-01  -1.1635478e+00   7.8872314e-02  -1.3988676e-01   3.2763175e+00   8.1990320e-01   2.3662996e-01
   2.0000000e+00  -1.5195508e-02  -1.1025569e+00  -4.1671877e-01  -1.9664964e+00   1.0324203e-02   3.3618222e-01   2.6661482e-01  -4.5626265e-01  -6.7122487e-01   5.1202211e-01
   2.0000000e+00   3.4500437e-01  -8.1328758e-01   1.4561326e+00  -9.0063758e-01   4.5615736e-01   1.0498057e+00  -9.7136432e-01  -1.5207620e+00  -9.3358312e-03   3.4638406e-01
   2.0000000e+00   7.7070383e-01   9.6474584e-01  -1.6390264e+00  -6.3846189e-01  -1.4333858e+00   8.8857558e-02  -6.3011330e-01  -9.1471441e-01  -1.2854773e+00   7.1937704e-01
   2.0000000e+00  -7.8453014e-02   3.2935787e-01  -8.6328393e-01  -1.8519214e+00  -1.1829160e+00   5.3604917e-01   1.2790554e+00   4.7252079e-01   1.7321706e+00   1.9704084e+00
   2.0000000e+00  -2.9587105e-02   5.1540325e-01  -1.2655554e-01   2.1310766e+00   1.4091974e+00  -1.4247991e-02   2.4352946e-01   1.0299733e+00   3.5029245e-01  -5.2177092e-02
   2.0000000e+00  -6.5865210e-01   1.5782544e+00  -2.2753165e+00   1.3023722e+00   7.4051022e-01  -1.8258232e+00   7.0479931e-01   1.3207349e+00   1.2212000e+00   1.8938797e+00
   2.0000000e+00   1.3983202e+00   9.3514461e-01   4.8473804e-03   7.6904875e-01   1.0445342e+00  -9.4939339e-02  -1.6265443e-01  -5.0876714e-01  -6.2553235e-01   4.2832057e-01
   2.0000000e+00  -5.8359858e-01  -1.0457970e+00  -3.4521951e-01   1.7703224e-01  -7.9286102e-01  -1.0969448e+00   8.6029782e-01  -5.2083818e-01  -5.5850344e-01   8.9531730e-01
   2.0000000e+00  -9.9409030e-01   9.5456247e-01  -9.7991416e-01  -4.8289996e-01   2.3497421e-01   5.1772631e-01  -5.7789667e-01   1.2283107e+00   1.6610336e-01   1.2020156e+00
   2.0000000e+00   9.7015357e-01  -2.6755181e+00   9.3917588e-01   1.8180320e-01  -1.4981967e+00   1.2044325e+00  -5.3940428e-01   1.3542200e+00   6.2292185e-01   1.7697507e-01
   2.0000000e+00   1.7956051e-01   3.7847019e-01  -1.8866327e+00   5.5590518e-01  -1.9018062e+00  -8.6123015e-01   2.2585174e-01   8.2518940e-01   1.1920728e+00   1.1117419e+00
   2.0000000e+00   9.9113320e-01  -4.4920473e-01   8.9303117e-01   2.4705094e-01  -3.7926586e-01  -8.9166665e-01   6.0509067e-01   7.7579822e-01  -7.6107106e-01  -9.1989543e-01
   2.0000000e+00  -1.0565001e-01   1.7849633e+00  -1.2571659e+00  -1.2306986e-01   6.9839157e-01  -8.4403883e-01  -1.1625645e-01   3.7329884e-01   2.0470265e-01   1.4645749e+00
   1.0000000e+00   2.3089595e-01  -1.3563528e-01  -1.1039727e+00  -3.4478578e-01   1.1375841e+00  -1.6039893e+00   6.1944749e-01   6.2491448e-01  -6.3978534e-01   6.8896893e-01
   2.0000000e+00   4.1800291e-01   1.6118378e+00  -3.0154038e-01  -7.1686189e-01   5.8928047e-01   3.3189284e-01   2.0722775e+00   1.4681448e+00  -8.4283593e-01  -6.6415879e-01
   2.0000000e+00  -1.4053457e+00  -4.8053737e-01  -1.3687711e+00  -2.1901758e-01   1.4370132e+00  -3.8894372e-01  -1.6671931e+00   1.1753194e+00  -1.0488072e+00   2.5400475e-01
   2.0000000e+00  -8.4947514e-01   2.2724462e-01   8.4771699e-01  -9.9954057e-01  -1.3238467e+00  -1.5485220e-01  -7.3244253e-01   1.7075057e+00   1.3146761e+00  -1.1601730e+00
   2.0000000e+00   1.4806447e+00  -3.0254462e-01   8.2805041e-01  -2.0348318e+00   4.2877758e-01   1.6790937e+00   7.2382648e-01  -1.0137479e+00   1.4598781e-01  -1.1403552e+00
   1.0000000e+00   6.5572415e-01   6.4996607e-01   1.7614585e+00  -7.4873612e-01  -6.9357056e-01  -1.3068512e-01  -8.6943731e-01   5.5105246e-01   4.6115861e-01  -7.1360707e-01
   2.0000000e+00   4.5247056e-01  -1.6194258e-01  -8.1425987e-01  -1.9111618e+00  -1.5648908e-01  -4.3121755e-02  -7.7618972e-01   4.7475928e-01   7.2381368e-01   1.4863983e+00
   2.0000000e+00  -1.1898430e+00   1.6039510e+00   1.7362507e+00   6.2979369e-01  -6.7063495e-01  -2.1003017e+00   1.0420397e-02   1.6370350e+00  -1.3686412e-01  -1.1865352e+00
   1.0000000e+00   1.7708717e+00   2.7162714e+00  -3.7145086e-01  -1.9210625e+00  -8.1344005e-02   7.6530619e-01  -3.1884837e-01   7.0963095e-01   1.3751384e+00   2.0838966e-03
   2.0000000e+00  -7.6423125e-01   4.4073867e-01   1.3459287e+00   1.2586079e+00  -1.4657957e+00   1.4665255e+00   1.7249061e-01  -3.7965948e-01   1.3301282e+00  -1.2266027e+00
   2.0000000e+00   3.7475546e-01   1.1490044e+00   8.2381225e-01  -2.9360709e-01   4.9899062e-01   1.7132375e+00  -9.4830240e-01   7.1075364e-01   1.6946070e+00  -2.0934135e+00
   2.0000000e+00   2.0067044e-01   9.4087007e-02  -6.0985457e-01  -7.8774246e-01   1.0947473e+00  -1.6113165e+00   1.0380379e+00  -8.5010646e-01   1.4233373e+00  -5.9975989e-01
   2.0000000e+00   8.6402532e-02   2.6980712e-01   1.8751549e-02   6.1352526e-01  -2.4195372e+00  -5.8104341e-01  -2.0269268e+00   1.9954504e-01  -9.6557540e-01  -6.2235661e-01
   2.0000000e+00  -2.7843079e-01  -7.6432532e-01   6.0519862e-02  -1.4090142e+00  -2.6802054e-01  -2.5515311e-01  -4.3739854e-01  -1.8445197e+00  -1.8590223e-01  -5.0372451e-01
   2.0000000e+00  -1.7442243e+00   1.3647433e-01  -1.1038343e+00   8.9927468e-01  -6.3650929e-01  -1.7160964e+00   5.8097298e-01   6.8736680e-01   1.6264324e+00   1.5330540e+00
   1.0000000e+00  -6.4974326e-01   2.2225136e-01   3.4970428e-01   1.0961981e+00   4.0381517e-01   1.1942697e+00   5.4511067e-01   5.5019031e-01   7.5352166e-01  -2.3874298e-01
   1.0000000e+00   5.1992642e-01  -8.3124839e-01   8.4826284e-01   3.4413392e+00   1.2889446e+00   1.5978990e+00   4.4134167e-01   2.2574844e-01  -6.0395268e-02  -8.1765076e-01
   2.0000000e+00  -7.6870120e-01   5.2470634e-01   9.4748551e-01  -4.4913331e-01  -1.2647164e+00   7.3590659e-02   1.1026129e+00  -5.3640816e-01  -2.1369187e-01   2.4615777e-01
   2.0000000e+00   8.2362016e-01  -1.4523049e-01   1.4775611e+00  -7.0125348e-01  -1.3270015e-01  -2.5432601e-01   1.6557391e-01  -4.9125882e-01  -1.1089838e+00  -1.4396917e+00
   1.0000000e+00  -3.0993838e-01  -2.4206110e+00   2.1262059e+00   1.3369579e+00   3.0431591e-01  -8.9293162e-01  -1.2713855e+00   1.0926465e-01  -4.1490576e-01   8.7818408e-01
   2.0000000e+00  -1.9395264e-01   8.8209054e-01   4.4882900e-01   6.8493520e-01   1.2532308e+00   1.0700156e-01  -1.1469896e+00  -8.2226558e-01   1.9998243e+00  -1.0441998e+00
   2.0000000e+00   2.1814195e-01  -7.5456001e-01   3.8188834e-01  -1.4354155e+00   1.0557348e-01   2.0105699e-01   5.9397689e-01  -1.7054517e+00   3.6548218e-01  -5.7826812e-01
   2.0000000e+00   2.4920699e-01  -5.7574787e-01  -1.8334909e-01   6.3732604e-02  -4.6183455e-01  -1.1801548e+00  -6.6148688e-01   1.9207424e+00   1.2683857e+00  -1.6086513e+00
   2.0000000e+00   1.6764206e-01  -3.9620783e-01   1.2526371e-01  -4.1421180e-01   5.0326177e-01  -9.4180804e-01  -4.2672679e-01   4.4997158e-01  -3.4852581e-01  -1.5330548e+00
   1.0000000e+00  -6.4768520e-01  -5.4492178e-01  -8.8580428e-02   4.1286740e-01  -9.8013373e-01   1.3318414e+00  -1.4806559e+00   3.7936530e-02  -1.2743041e+00   7.5546774e-01
   2.0000000e+00  -1.4051647e+00   5.6830470e-01  -4.7349475e-01  -5.4852617e-02   3.1913371e-02  -7.2266457e-01   7.3169288e-01  -5.2874071e-01  -7.6732279e-01   1.5745060e+00
   1.0000000e+00  -3.7979328e-01  -2.6567146e-01   7.1174961e-01  -9.1826073e-01   1.8652715e+00  -1.6363799e+00  -7.0391212e-02   3.3803574e-01  -3.7713520e-01   4.6349022e-01
   2.0000000e+00   3.1031087e-01  -3.4868512e-01   4.2135427e-01  -5.4831441e-01   6.3494309e-02  -7.1642586e-01  -9.5091172e-01   8.3094496e-01   1.6208475e-01   7.6349522e-01
   2.0000000e+00   3.2594619e-01   2.1387559e-01  -8.9022383e-01  -3.2207108e-01   1.4345135e-01   4.3775062e-01   6.0916596e-01  -1.7309815e+00   2.7694986e-01  -1.4102387e+00
   2.0000000e+00   1.5589349e+00  -5.4212394e-01  -5.3854058e-01   7.2036083e-01  -1.5191152e+00  -1.9203767e+00   2.1707933e-02   1.4059081e+00   5.2161659e-01  -4.9106829e-01
   2.0000000e+00   1.5213189e+00   7.3039024e-01   7.9789217e-01  -9.9718810e-01  -6.5519304e-01  -9.8929601e-01   2.6421697e-01  -1.0277927e+00   1.4484601e-02  -1.2192050e+00
   2.0000000e+00   9.4885088e-01   9.1322461e-01   7.5342618e-01  -4.6474740e-01  -2.6617969e+00   3.6780316e-01   8.0242386e-01  -7.2752550e-01   7.7011418e-01   2.9463747e-01
   2.0000000e+00  -9.6030193e-01   1.2612290e+00  -1.6228341e+00   1.1926929e+00   2.0526685e+00   1.0912247e+00   1.3276604e+00  -6.2754268e-02   7.3123670e-01   5.7553518e-01
   2.0000000e+00   6.5308720e-02  -8.9781467e-01   2.1863699e-01  -1.1744376e+00   9.3099709e-01   1.0057829e+00   1.6936822e+00   1.0836045e+00   3.1689600e-02   1.8684542e+00
   2.0000000e+00  -6.4560377e-01  -9.1926508e-01  -1.5958713e+00   8.1823625e-02  -2.3493956e-01   9.3253406e-02   4.5632540e-01  -2.5123803e-01  -6.0352631e-01  -1.4605416e+00
   1.0000000e+00   1.7768865e+00  -1.4308486e+00   7.0566645e-01   1.3908571e+00   7.2904465e-01   7.1340440e-01  -3.8008768e-02   7.7474340e-01  -1.0277205e-01   1.4527883e-01
   2.0000000e+00   5.4623534e-01  -1.1948874e+00  -2.8300404e-01  -1.3033182e+00   2.0861252e+00   1.1576512e+00  -5.2642433e-01   4.0183526e-01  -1.5779762e+00   8.4868805e-01
   2.0000000e+00  -5.6975262e-02   1.3536615e-01   7.4089752e-01  -2.2920462e-01  -2.1833880e+00  -1.2061568e-01  -1.8490708e+00  -1.0413933e-01  -8.1845475e-01  -1.2410594e-01
   2.0000000e+00   1.2362807e+00   7.3097808e-01   1.3085054e-01   1.2282796e+00  -3.2806001e-01  -7.0799823e-02   5.4127917e-01  -4.3805973e-01   4.1154234e-02   3.0582688e-03
   2.0000000e+00  -2.3064516e-02   1.3391542e+00   5.0117844e-01  -4.7779905e-01  -1.6739040e-01  -6.3216257e-02   4.8040293e-02  -6.6165918e-01  -1.1362016e+00  -6.7050899e-01
   2.0000000e+00   5.6716300e-01   8.2474937e-01  -8.4036280e-01   5.0679932e-01   6.3287719e-01   4.4949520e-01   3.5208552e-01   8.2692677e-01  -1.1109797e+00   1.2233850e+00
   2.0000000e+00  -9.9537117e-01  -3.6991427e-01  -2.8930101e+00  -3.5346233e-02   3.4706074e-01  -2.5931839e-01   2.6328756e-01   1.4442795e+00   4.0078893e-01   6.1553207e-01
   2.0000000e+00   5.6862129e-02  -2.0796266e-01  -2.2203682e-01   3.6915705e-01   8.4271667e-01  -1.1187235e+00  -8.3025301e-01   2.9942850e-01   2.0564910e+00  -1.7863005e+00
   1.0000000e+00   3.6337237e-01  -9.8562193e-01   5.5021659e-01  -8.5664068e-01   1.7686057e+00  -7.5237680e-02   5.2070474e-01   7.3627681e-02   5.2629717e-01  -6.8401878e-01
   2.0000000e+00  -4.6885262e-01   6.1482298e-01   3.3133573e-02  -7.1436901e-01   1.7996516e-01  -1.1604529e+00   2.4164882e-01  -1.4854923e+00   9.6427758e-01   7.2370536e-01
   2.0000000e+00  -3.7723030e-01  -1.7847701e+00   1.0453227e-01   3.2830931e-01  -1.5162526e-01   3.3463365e+00   5.5950582e-01   1.2261469e+00  -7.1822747e-01  -1.1265170e+00
   2.0000000e+00  -5.0891418e-01  -1.2978477e-02   9.5825098e-01  -9.9648304e-01  -9.3853770e-01   1.3003123e-01   4.4211711e-01  -1.1873624e+00  -1.0745577e+00  -1.6245914e+00
   2.0000000e+00   5.2607447e-01   1.6491217e-01   1.5064444e+00  -1.9262343e-01   4.5404986e-03  -3.3158107e-01  -1.5641917e-01  -3.8731681e-01  -1.1542105e-02   1.8852006e-01
   2.0000000e+00   7.8745796e-01  -1.1880137e+00  -5.9971083e-01  -1.5158205e+00  -4.3216369e-01   3.0367303e-01  -2.6040505e-01   1.7373649e+00   7.8153094e-01  -2.9720519e+00
   2.0000000e+00   4.2296528e-01   1.2938260e+00   7.9024502e-01   1.1425470e+00  -6.6853832e-01  -1.8229262e-01   4.3616904e-01  -1.4474758e+00   6.9313740e-02   1.0987300e+00
   1.0000000e+00  -9.7994977e-02  -4.5059859e-01  -6.2773908e-02  -2.0449933e-01   9.2701611e-02  -6.1639599e-01  -2.7801947e-01   6.6845361e-01  -1.1551827e+00   6.6841308e-01
   1.0000000e+00   1.6816247e+00   9.1804916e-01  -3.0385862e-01  -3.8903113e-01   1.5647604e+00   1.0039450e-01   1.1575083e+00   6.3387283e-01   4.6316961e-01  -3.8143498e-01
   2.0000000e+00  -2.2315408e-01  -2.4491289e-01  -8.4066336e-01  -5.4484587e-01   1.4946373e+00   1.5923123e+00  -1.0148404e+00  -1.2542856e+00  -2.3541573e+00  -1.5325528e+00
   1.0000000e+00  -9.6715413e-01  -7.5242779e-02   5.9733285e-01   1.5536993e-01  -7.2461055e-01   2.1342981e+00   3.2106875e-01   2.7899875e-02  -1.8333651e+00  -5.9263581e-01
   1.0000000e+00  -6.0920057e-01   2.0945402e+00  -1.2035906e+00   6.7319213e-01  -1.6051954e+00   1.5610736e+00  -1.4367163e+00   5.7371195e-01  -2.9440517e-01  -6.4783122e-01
   1.0000000e+00  -2.9354065e-01  -1.2470518e+00   6.6521101e-01  -4.3567865e-01   8.2218441e-01   1.2540514e+00  -9.3668565e-01   4.6708915e-01  -4.2677686e-01   5.4719198e-01
